-1.822080525277297056e+02 6.950668957844639806e+01
-1.639074675087812807e+02 7.318036265371395643e+01
-1.387452023903463783e+02 6.617412192553344141e+01
-1.155889876833634275e+02 8.359482055281578994e+01
-1.457232233518058990e+02 7.983361348049110973e+01
-1.316181440493272135e+02 8.998531349781951860e+01
-1.153199574678948238e+02 7.565259204558803674e+01
-1.405318974356302419e+02 7.501456945328189363e+01
-1.316449667315703209e+02 7.583122343743208660e+01
-1.229119867877845422e+02 7.970685954032242648e+01
-9.420913619249414239e+01 9.510938704043630310e+01
-1.190730835720096508e+02 6.949678406070933079e+01
-8.803381318954549783e+01 1.168103592922570044e+02
-6.105853673089831801e+01 1.183491438180836326e+02
-1.016066280506169051e+02 8.454042058025736139e+01
-7.021418302566532077e+01 1.074643642837925199e+02
-4.118333868763632211e+01 1.011419991588433902e+02
-2.148456136015534668e+01 1.090465716951112967e+02
-6.292181827478597000e+00 1.164978101956400849e+02
-5.412674740789390171e+01 1.067912997066467966e+02
-3.376436311190671802e+01 1.263997458242591421e+02
-1.314242217985976069e+01 1.220865557753230632e+02
1.935043708796731599e+00 1.238073149587653177e+02
4.768898696134377957e+01 1.273010449374101967e+02
6.259726246218594525e+01 1.337085680132636014e+02
-2.162025816288542046e+01 1.198196361105071475e+02
6.416088597789989478e+01 1.251471262909461899e+02
1.409827678346672144e+02 1.433165067218330364e+02
3.163794962214498128e+02 1.844669603912446973e+02
3.267854125677017123e+02 1.809452698239807376e+02
3.884893217360063886e+02 2.012636588203498036e+02
4.373461452124794278e+02 2.027417298551625038e+02
4.066604350873747649e+02 1.969538027082717520e+02
6.038145510872732302e+02 2.358404218331494064e+02
7.065223421748607961e+02 2.646711407927854793e+02
9.608907382617393296e+02 7.289939233619255674e+02
-1.639800226381059076e+02 8.767939387590519118e+01
-3.200201431149628775e+02 6.402646479264510049e+01
-3.959599031860360014e+02 6.097769420885250469e+01
-1.088390142255289561e+02 1.035387111327121801e+02
-1.494241364623529762e+02 9.585066584133141987e+01
-1.096784531456330001e+02 1.066525387697611222e+02
-6.983915128143237894e+01 1.014844604582546026e+02
-8.644797154341084422e+01 1.057250651799593015e+02
-6.352884280249666205e+01 1.385824673400894653e+02
-4.816562200272513650e+01 1.115446357619729838e+02
-2.752488594364367103e+01 1.143111047169383454e+02
3.977831545560575819e+02 1.976718267530008291e+02
4.026545117764107999e+02 2.026713240015201336e+02
6.841461374944769886e+02 2.223887801819441847e+02
6.341266214960195384e+02 2.196683428959870241e+02
6.856479990668137816e+02 2.338791447828099308e+02
6.478499351723288555e+02 2.323285206294897307e+02
6.600793911098335229e+02 2.276020254452210452e+02
6.749244237511107940e+02 2.309182198699645312e+02
7.090555856249833369e+02 2.525976529148613281e+02
7.762881378910013837e+02 3.377594256201831513e+02
7.518813916070929508e+02 3.660015678884773251e+02
9.193610254465185108e+02 6.595590946276555542e+02
-9.544220911943662031e+02 -1.930944067686561709e+02
-8.819948920157396515e+02 -1.036244056725922462e+02
-8.557531087881511667e+02 -5.198604571487176429e+01
-8.052041422602540024e+02 -3.203037118313065434e+01
-7.673036295671879543e+02 1.187229650029836669e+01
-7.635970737366626508e+02 2.516074408630924353e+01
-7.517285980018698410e+02 2.002172420876335579e+01
-7.466222745047647322e+02 3.341500278044555472e+01
-7.317228888987806386e+02 3.434164465028435131e+01
-7.562313499910786732e+02 3.420681980002001410e+01
-6.070209257025500165e+02 4.474683710404218573e+01
-5.137548714111583195e+02 4.752783010236523609e+01
-4.883474200349011198e+02 6.836032674246054341e+01
-1.144577595814658480e+03 -6.079304439255641910e+02
-1.137417858566014957e+03 -5.731804858343268734e+02
-9.791060324117626124e+02 -2.344013709153308866e+02
-9.728239790585224682e+02 -2.097268577161133578e+02
-9.359105206602650924e+02 -1.590734175826400474e+02
-8.816862797732042054e+02 -8.491222429925905146e+01
-8.830505689986063089e+02 -7.333495099729678657e+01
-8.527884160206491515e+02 -4.277799117491856151e+01
-8.429641206410065024e+02 -5.761829782437127534e+01
-8.420485223860580390e+02 -4.703617880721859024e+01
-8.200463588302535527e+02 -4.369659993096415462e+01
-8.295327315661053262e+02 -3.815832908371743315e+01
-8.754869350582446259e+02 -7.154560309953052410e+01
-8.618317469162809630e+02 -7.067963045619788431e+01
-8.451523028197437952e+02 -3.171792975333220355e+01
-8.092336462207525756e+02 -2.740626434464945760e+01
-7.815491406944610162e+02 -2.370223674385722390e+01
-8.368594359582021980e+02 -2.123727592592096514e+01
-7.495408125824903891e+02 -5.943138337780849767e+00
-8.264242242664622609e+02 -1.642998406602705685e+01
-8.165873462053813228e+02 -7.938004691623964604e+00
-7.587212751770719024e+02 -2.149553531956395869e+00
-7.931183322915070448e+02 -2.608493946742085345e+00
-8.104324078631267412e+02 -5.180626331527812489e+00
-7.289600657003461492e+02 6.846893342083544276e+00
-6.722386265298489434e+02 2.435438074580820356e+01
-7.769556867550115840e+02 4.196082458657235392e+00
-7.688360750327040023e+02 4.965086230149338142e+00
-5.949383645053369492e+02 3.670339344708125395e+01
-6.329291849451436747e+02 3.045023018133488435e+01
-5.585229750579861729e+02 4.584483857431555975e+01
-5.510860645561028832e+02 4.401436301350231162e+01
-8.586025893885853293e+02 -4.355993335212850184e+02
-2.782993312949899973e+02 -6.196244553761908236e+01
6.543119627560289473e+02 5.617405070293065137e+02
4.044078833830839130e+02 2.215205689684752315e+02
4.128026852893343630e+02 2.085104184049067726e+02
4.327982727290847151e+02 2.278764744411152776e+02
4.237811203197020973e+02 2.027757694201442291e+02
4.474930616529247800e+02 2.141860518054306226e+02
4.962422165112510584e+02 2.273018908816283385e+02
5.492158461711080690e+02 2.295897434065500420e+02
5.195296486574368373e+02 2.460724871921975705e+02
5.977419719745225848e+02 2.353535575023892648e+02
6.560145786859094414e+02 2.529658215825711522e+02
7.115498518814555382e+02 2.603409353065058554e+02
6.850292923757888275e+02 2.536598672161512695e+02
6.682827645540169215e+02 2.649953815479289574e+02
6.589643958274623401e+02 4.735868339233983875e+02
6.903891319020485753e+02 2.663456549480619060e+02
7.009644470184573493e+02 2.725286251524815384e+02
7.194538700084902985e+02 2.706981599390541646e+02
7.018466017120691731e+02 2.839095178145586829e+02
7.055718830989720800e+02 2.698752919689787859e+02
7.247305521663571426e+02 2.773868668657146372e+02
6.985058648645389212e+02 2.922619729070981975e+02
7.587520612650931753e+02 3.118354666009115590e+02
7.411128580572806186e+02 3.115191742176596676e+02
7.639972139983281068e+02 3.244955991943639333e+02
7.779732787158038718e+02 3.438851096431737915e+02
7.784021463205353939e+02 3.592888299143683071e+02
7.859134500013827846e+02 3.434847811869494763e+02
7.891168078186220782e+02 3.649493921541342161e+02
8.024782774448403870e+02 4.263935555282648124e+02
8.643704602419657022e+02 5.488754529168897989e+02
8.444443096590434834e+02 5.640836428775190825e+02
-1.120825069995409649e+03 -6.028218866003778658e+02
-9.734679917244008038e+02 -2.162824156765207704e+02
-9.607124064137167352e+02 -1.918380383574800305e+02
-7.755126434789849554e+02 1.977753699629165141e+01
-7.197100474810694095e+02 3.366946114474406215e+01
-7.328584394588851865e+02 2.514981420668207690e+01
-5.025640650138670367e+02 4.855819353363384749e+01
-4.419716798443131012e+01 1.128012198252464060e+02
5.588241223327639773e+02 2.253180056095135910e+02
5.900489561924183590e+02 2.239451761976339412e+02
6.040724232574062853e+02 2.129879285447288453e+02
5.518868310308495211e+02 2.152378311159125985e+02
6.124000937576055321e+02 2.045107594334980377e+02
6.224422829350086204e+02 2.068839671753212315e+02
6.232223678370130528e+02 2.136947841392695864e+02
6.670667789019267957e+02 2.306759835188898933e+02
6.446155481465415278e+02 2.222044101640241536e+02
6.697301860062814285e+02 2.396781904064622211e+02
6.793008077088735490e+02 2.385396230431817344e+02
7.026917551310092449e+02 2.569999870425155564e+02
7.097075129093245778e+02 2.825320981333034069e+02
8.391892316586354355e+02 5.507269291199397685e+02
8.521487712493172921e+02 6.286341147350348137e+02
8.580864402565496221e+02 6.199976521928099373e+02
8.792455527511449418e+02 6.743270321160974845e+02
8.873503760092213497e+02 7.180962133367851266e+02
9.638593736848980598e+02 6.960191380930724563e+02
-1.141839943325585182e+03 -5.302907835411101587e+02
-1.160836796050236217e+03 -6.596507282436309652e+02
-1.077290872905923152e+03 -5.725858315481669933e+02
-1.098126647226029263e+03 -5.105197435521832858e+02
-1.149815017064791164e+03 -5.752304940343801718e+02
-1.077367578455694456e+03 -5.625266847625129003e+02
-1.094407986321986527e+03 -5.890493042752017345e+02
-1.072588724763366827e+03 -5.055757570062920081e+02
-1.072763888499551740e+03 -5.703697822423210937e+02
-1.060756865075609312e+03 -4.964043381736681795e+02
-1.128415292991261140e+03 -5.644230053613067639e+02
-1.134278545464650506e+03 -5.655412187578737075e+02
-1.163214615711827946e+03 -5.740245434651793630e+02
-1.163593073970497926e+03 -5.680031551622756751e+02
-1.052349806320868083e+03 -4.915274626712921986e+02
-1.070210796088787674e+03 -5.256009505217385822e+02
-1.169858708161397089e+03 -6.308031794747067806e+02
-1.138325819801865237e+03 -5.773315002375168206e+02
-1.011075590161126570e+03 -4.285862625880095038e+02
-1.148322943724692550e+03 -6.589000963605100196e+02
-1.035022038089814941e+03 -4.661214217210212496e+02
-9.738144347465663486e+02 -3.754877959470030646e+02
-1.045865046316258486e+03 -5.471312061226535661e+02
-9.935318339751482881e+02 -3.796895447671356010e+02
-1.067401916010182504e+03 -5.385431144663267560e+02
-9.469778273481699671e+02 -3.145391791819910168e+02
-9.238141338926797062e+02 -3.058425645856586357e+02
-8.487808588379583625e+02 -1.833986009931178103e+02
-9.375075222289714247e+02 -3.237517684875689383e+02
-8.956198533737059506e+02 -2.631268222738988811e+02
-8.028588506519284920e+02 -1.158545049231366022e+02
-8.387338622528885708e+02 -1.148123653051218866e+02
-6.113634832945770086e+02 3.328570221101382032e+01
-7.470705314659865053e+02 -6.098226070437310398e+01
-6.385438224611643818e+02 5.295742843730954164e+00
-6.144005096203767380e+02 -1.281491707703896132e+01
-6.089346929387587579e+02 1.960508801858767924e+01
-5.984740712560824250e+02 5.982307511087842045e+01
-4.836286805427536706e+02 5.893971618137683066e+01
-4.984137148241766226e+02 6.615454250592735264e+01
-3.751103465722773080e+02 1.120422600032803757e+02
-3.707871994549301462e+02 1.026732644399195635e+02
-3.288155945680925356e+02 1.266706632329919842e+02
-1.829631062366334788e+02 1.920568732979868400e+02
-2.378652401373612690e+02 1.612851268213227627e+02
-1.679348011762452870e+02 1.794430622061260863e+02
-1.262211706679221663e+02 2.097100104991723981e+02
-5.117669478238445180e+01 3.078904069827483454e+02
-6.501193378874842210e+01 2.724773786113947267e+02
2.018250712281360961e+02 4.804804138512072882e+02
5.180486612865902316e+02 4.262476848526704316e+02
5.583225122687084649e+02 4.178496372831423287e+02
6.523757737037791458e+02 4.450024126616354465e+02
7.045663750319511109e+02 4.765065196926248632e+02
7.437959837041547644e+02 4.801566374032550470e+02
7.545134657004385872e+02 4.695007273582072003e+02
7.274402124014644642e+02 4.396613584440429463e+02
8.077698819295046633e+02 5.435361548774782250e+02
8.044069954491238832e+02 7.148642688346119485e+02
8.577823299230705061e+02 6.069957837619474503e+02
8.769152825427771631e+02 6.293334421606496107e+02
8.853537860767033862e+02 6.335750302897848769e+02
8.754607810211753076e+02 6.460011246905745566e+02
9.300054862895101451e+02 6.665639514275687816e+02
8.963282710290196746e+02 6.546733572135982513e+02
9.575184523998237864e+02 7.378014848085041422e+02
9.090166389616814513e+02 6.753688571635635753e+02
9.038839787463058428e+02 7.356365951692298495e+02
9.207592573974087600e+02 6.918218772181865006e+02
-9.745947495124881925e+02 -2.521896201073492989e+02
-9.533095868175995520e+02 -2.239008555857425904e+02
-9.410495813793986599e+02 -2.019247385615338430e+02
-8.714150996813241363e+02 -1.393170000060401605e+02
-7.289373794712130348e+02 -2.899977990932712579e+00
-7.210500445407795951e+02 -3.871618544201188783e+00
-6.420221372558153234e+02 6.654333046995651557e+01
-6.367062846842738963e+02 7.485590325129012967e+01
-5.518736753164234869e+02 1.066216613358558476e+02
-4.720514919891563181e+02 1.205092712513175712e+02
-4.557565433414401355e+02 1.213901956287528066e+02
-3.888201371146726615e+02 1.552154734292828664e+02
-3.655528242368794736e+02 1.683650297021850406e+02
-3.934742995912102401e+02 1.782301908014060814e+02
-3.728132321864113692e+02 1.682791134399532496e+02
-3.762037339750569913e+02 1.606077301714835812e+02
-3.529225490447283278e+02 1.674447440299645962e+02
-3.218081774209527453e+02 1.754186854283176444e+02
-3.538285523945458522e+02 1.791269755258012992e+02
-3.056486372440276682e+02 1.874606174802333101e+02
-3.164032219920534317e+02 1.867460188698311185e+02
-2.571661604253271776e+02 1.931950835843831271e+02
-1.982104273648915012e+02 1.474248866055309577e+02
-2.256602155546768529e+02 2.013730966475021376e+02
-2.243252356308865956e+02 2.052839989892350729e+02
-2.037470959164589033e+02 2.079973225223767770e+02
-1.666616752177328920e+02 2.105596107568138109e+02
-1.644399580360158950e+02 2.298222301926004718e+02
-1.985743417266113919e+00 3.127022858974936526e+02
-6.529854840979771424e+00 3.019370892815628054e+02
6.768715172713656614e+01 3.798391012219965432e+02
1.177250102416412290e+02 4.689149199032066235e+02
2.172142136574610163e+02 3.562846802730434774e+02
4.669973092151674905e+02 3.148651407197288563e+02
5.258148898505614852e+02 3.148793594640599736e+02
6.336797667937078131e+02 3.290304284445446115e+02
6.308398932957244369e+02 3.508115777804617892e+02
6.485481361741150295e+02 3.012169974522643656e+02
7.727715119777733435e+02 4.527546494735302076e+02
6.731255781968665133e+02 3.514374542107429420e+02
6.870881965146860466e+02 3.318632128608546736e+02
7.415998370444693819e+02 4.143576379040050028e+02
7.624265519235074180e+02 4.225360412743564211e+02
7.772445044315833229e+02 4.604479876481710789e+02
7.716804279835515672e+02 4.936645399015314410e+02
7.958907218884132817e+02 4.920313215204047310e+02
9.102394651098705936e+02 6.378237697258833805e+02
9.282307362049380117e+02 6.426002378419086654e+02
9.470239549164218715e+02 7.297822537877652849e+02
9.685595555685206364e+02 6.838076946601754571e+02
-1.155077817167307330e+03 -6.538259950998260592e+02
-1.133993946818349286e+03 -5.759316396975142425e+02
-1.127401513566349877e+03 -6.024729719071914360e+02
-1.086469486871585332e+03 -4.770867890525344706e+02
-1.054945658478825180e+03 -4.150821102642916003e+02
-1.099609257948985714e+03 -5.726313814250280529e+02
-1.181972335581656580e+03 -6.828992469320711507e+02
-1.020971061411682740e+03 -3.360977146239264925e+02
-9.896989189727364646e+02 -2.808683995862584766e+02
-9.972594248752669728e+02 -3.013203589724427616e+02
-9.872701858036654130e+02 -2.450809435602392341e+02
-5.666108172618655772e+02 1.430496742718984819e+02
-5.923609096261897093e+02 1.201202801129182234e+02
-6.066857827910165497e+02 1.112081380512899500e+02
-5.603613621365454946e+02 1.361862557601697290e+02
-5.495856150260653976e+02 1.432094744103060009e+02
-5.617123430846386327e+02 1.503758778771296534e+02
-5.282157035971396226e+02 1.419626596218766394e+02
-4.969623137914182394e+02 1.535998210520169778e+02
-4.786461830042080123e+02 1.543824054360896412e+02
-5.261383628022667835e+02 1.770841120868125529e+02
-3.013809281592301090e+02 1.947411584088472409e+02
-2.300298067322522684e+02 2.594370099896083843e+02
-9.676633879299748742e+01 3.620965334144941608e+02
-9.138060529999140158e+01 3.621074811272950456e+02
-8.858083195218906525e+00 3.884951541614279904e+02
-5.891975978285772442e+01 3.557825796334002462e+02
4.400796775691024720e+01 3.652239066204892879e+02
2.207347913976147424e+02 4.099384802970276951e+02
5.035485258692858110e+02 2.933070771510202803e+02
2.481759662460021900e+02 5.075092928796015599e+02
7.152111400360771540e+02 4.501164607686538943e+02
8.172311888374750879e+02 5.633741037459861900e+02
8.607145719404517195e+02 6.527771062718313715e+02
6.684933216021853468e+02 6.555762962933151812e+02
7.816548950355168017e+02 5.007807788095366277e+02
7.897544738856245203e+02 5.420391055318937106e+02
8.121279168761569736e+02 6.006815864864428249e+02
8.160367430282245778e+02 5.802219695906979950e+02
8.653135648052352735e+02 6.228567463148665411e+02
8.841055324960518647e+02 6.469058757857799264e+02
8.979426572559324313e+02 6.397987572306948323e+02
8.973944837137456716e+02 6.678518225884647563e+02
9.318708373753571550e+02 6.775606155491633444e+02
9.482926697661823709e+02 6.910881392474908580e+02
9.333147437585161015e+02 6.829720990214901803e+02
9.383487620620473990e+02 6.820548362733301246e+02
9.769798789681526614e+02 6.979238827189155927e+02
9.903703236512958483e+02 7.023479328376016610e+02
1.003867287929123563e+03 7.078413368793761720e+02
-1.186480311276758357e+03 -7.309625299014298889e+02
-1.174682892526767546e+03 -7.109267996600963215e+02
-1.156791542636096210e+03 -5.630610767418186242e+02
-1.085025969130874728e+03 -5.581250870670961604e+02
-1.052605686681604766e+03 -3.887286921547265024e+02
-1.037963996478135641e+03 -3.422244779838241584e+02
-1.183580256802173380e+03 -3.197467512810529797e+02
-9.972154973478033071e+02 -2.729595902287263698e+02
-9.748610512739686556e+02 -1.921370897687283161e+02
-9.520166646534938764e+02 -2.144866168800961361e+02
-8.938827683190264679e+02 -7.070826650131914448e+01
-8.996331458661442184e+02 -1.639265458449289099e+02
-8.026701660351752707e+02 3.018956118493871088e+01
-8.221240289094841955e+02 -6.343866777319945527e+01
-6.634734398900872065e+02 1.242538998578283298e+02
-5.251436344198226607e+02 3.503714889666865133e+02
-5.336754251276709056e+02 2.622550875313621077e+02
-4.191482515038128440e+02 4.052683580025013725e+02
-2.682487752685775035e+02 4.997261935947268512e+02
-3.154950627771860354e+02 4.813164344762359406e+02
-3.596982546517610899e+02 1.842428280892611951e+02
-2.655326259831369953e+02 4.878886931573965171e+02
-2.429760202804965274e+02 5.001972557678834050e+02
-2.225066867198683269e+02 4.527061322338210516e+02
-2.960970615222065589e+02 2.397259528703706906e+02
-1.800978690418968142e+02 4.499297819362813016e+02
-2.166540621098813517e+02 4.774043457924476570e+02
-5.965339772984130207e+01 4.896795211310860054e+02
-1.011594382859387480e+02 4.037761820568446751e+02
-6.846137165505462008e+01 4.096462306546090417e+02
1.866310430970145617e+01 4.897093096736164171e+02
6.942862351176618176e+02 5.461382858188551381e+02
1.177778637863179370e+02 6.167058676946948026e+02
1.489120977214357140e+02 5.079630768939521772e+02
4.321703851934533418e+02 1.982599570205907185e+02
1.539548413293419742e+02 6.290277097807156679e+02
5.293020405402434108e+02 7.494506288608232580e+02
7.263650918079046050e+02 7.070737528280316155e+02
6.927782502410452707e+02 7.262230383638498097e+02
7.235894400026279527e+02 7.288308947237693474e+02
7.260095402209217355e+02 7.374847083466265758e+02
7.788468882489921725e+02 6.887766272876666562e+02
7.664118054311587684e+02 6.411041290604021015e+02
7.889889810831239174e+02 7.596202008099855902e+02
8.505961659876667227e+02 6.541311954575083973e+02
8.604844015526921339e+02 6.699364489483904208e+02
9.346947588651260048e+02 7.175813707693135939e+02
9.186666235825795184e+02 7.663793078690824814e+02
9.302790784692662100e+02 7.027002268373634024e+02
9.723973898203408908e+02 7.287218535239532002e+02
8.861341226145741530e+02 6.572665025019031191e+02
8.345822111466136448e+02 6.249834497552551511e+02
-1.195413008222478084e+03 -7.358370561674516921e+02
-1.117048999665228848e+03 -5.756832056527092618e+02
-1.161798774019458506e+03 -5.575054713700211551e+02
-1.157527223168809087e+03 -5.755310482728556281e+02
-1.137775011803048983e+03 -5.657335055695717756e+02
-1.134376219408048883e+03 -5.826114509690112300e+02
-1.142711088939076944e+03 -5.768246638479889725e+02
-1.068081375978185406e+03 -4.353759216458705055e+02
-1.199919359864695934e+03 -4.186195163185494152e+02
-1.105365876258057142e+03 -2.714027067849294781e+02
-8.788011962457825348e+02 -2.291183392615690551e+01
-7.788855695798747547e+02 7.129770727898780081e+01
-1.122076517474367165e+03 -6.120277324097843348e+02
-6.318506629242566532e+02 2.668699031206674590e+02
-7.265456304004297863e+02 1.336038523534303835e+01
-5.031035463909790906e+02 4.149938957562914084e+02
-5.017566754914001876e+02 4.243740554696647109e+02
-1.085408296024594165e+03 -5.808647270736516930e+02
-5.102769137398428825e+02 4.135316334068410242e+02
-5.272461738222932581e+02 3.828453132406484656e+02
-4.330313309854226418e+02 5.071291719356070757e+02
-4.463382968855334525e+02 4.473606532765461452e+02
-3.680171408791846943e+02 5.184646242695183673e+02
-4.118269781814279327e+02 1.337548853590895135e+02
-3.370052534149187409e+02 5.094777389367887395e+02
-2.829835728911995716e+02 5.648540645665597140e+02
-2.505338182297076344e+02 5.388959990209441457e+02
-2.450592495890592204e+02 5.337281145617763514e+02
-1.960446957627991935e+02 5.830009459587959100e+02
-1.988000613158906731e+02 5.889238091579499041e+02
-5.792007638778797229e+01 1.128564775136333225e+02
-1.393647160123666708e+02 6.151309491286612001e+02
-7.692541260651279345e+01 6.298890549726496602e+02
1.229749442354632549e+01 6.653629317072604863e+02
-1.722353523300774896e+02 5.935668097750299239e+02
5.990209885013539548e+01 7.411813486466052154e+02
1.009466804610429449e+02 6.141728106311149986e+02
1.286896271669277212e+02 7.218056752122929538e+02
4.472253977750748959e+02 2.027635947914721157e+02
1.681306992395418831e+02 6.521296225343147626e+02
5.223099692814416812e+02 2.244311544848380038e+02
2.226320645074267475e+02 7.686832329399445598e+02
2.261117858986876001e+02 6.620003220329855367e+02
5.062355137638428459e+02 8.258940813472563605e+02
6.919745522447465191e+02 2.415879245078313602e+02
4.067194816389093148e+02 8.948752940926873407e+02
3.888683601023476513e+02 8.704267408910985750e+02
7.166468832902946815e+02 2.817656769229024576e+02
4.752294684547094334e+02 8.971306090914542892e+02
7.031430518135034617e+02 7.995358704601158024e+02
5.556353933017934423e+02 8.823641671603273835e+02
6.129252790084444769e+02 8.226954458244653097e+02
7.283299281254362540e+02 8.027345076239899981e+02
6.901203711161863339e+02 8.477343401060211363e+02
7.325192084061447986e+02 8.238435647412967455e+02
7.872237581216394346e+02 8.075977720517304306e+02
8.965915913498764667e+02 6.844543110125363228e+02
9.779508098416949906e+02 7.217468251149559819e+02
9.411132851323420709e+02 6.935494957842944359e+02
9.993322191169237385e+02 7.129298245799585629e+02
9.962708934834784031e+02 7.213648655140726760e+02
9.556731798718342361e+02 7.143512297185957323e+02
-1.159727916351899694e+03 -5.519538490717501418e+02
-1.180769156859896839e+03 -7.189537702170330249e+02
-1.184931979345631817e+03 -7.381305304805113110e+02
-1.196530600075331222e+03 -4.015716597885581223e+02
-1.188099079713600759e+03 -7.496911009171224123e+02
-1.089335672350656523e+03 -5.368392227167851161e+02
-1.193534705198173469e+03 -7.529426827493499559e+02
-1.141357080515529105e+03 -5.658522886764545774e+02
-1.122278978824012256e+03 -5.068731543977125966e+02
-1.071766876404660479e+03 -3.737689836121235771e+02
-1.151556885969027917e+03 -2.689271082510510382e+02
-1.087820773414440055e+03 -4.223411472316371942e+02
-1.022697555524624477e+03 -2.545501461933896792e+02
-1.018607137387551006e+03 -2.808386031736336577e+02
-9.977728006636026521e+02 -1.948503566503881643e+02
-9.789456263858126022e+02 -2.158324066474284564e+02
-1.002761595230464195e+03 -1.819330812540003706e+02
-1.050995023914864987e+03 -1.529431836790913906e+02
-1.036333735383903559e+03 -1.422809512256261542e+02
-9.903152000254549421e+02 -1.594783739939186091e+02
-9.359893590813207993e+02 -5.825999322788758406e+01
-6.002230983245790412e+02 4.875540941917781197e+02
-4.722691388738394380e+02 5.079179418175089609e+02
-6.010983729401352775e+02 4.767830870522461737e+02
-5.183541933112425113e+02 5.686770269082378491e+02
-4.317545383779579424e+02 4.921731621799394247e+02
-4.199941172023472404e+02 5.314390458388762681e+02
-3.142390469464926355e+02 5.430905930243982311e+02
-4.436071976194378976e+02 6.025285655072144664e+02
-3.061379557723038829e+02 7.734274756601973877e+02
-3.043898691387803410e+02 7.581195617584418187e+02
-2.600953467698957411e+02 5.864063397242132396e+02
-2.863974155851846035e+02 7.803901437446438649e+02
-2.308930531997957303e+02 8.430901772437903219e+02
-8.636364957983833790e+01 1.000556583218762654e+02
-2.353617443240826788e+02 8.349287166442612715e+02
-9.218104758398548881e+01 1.098150797991228558e+02
-2.188950980114100275e+02 8.454194901754391367e+02
-2.350732830015467130e+02 8.466089728534672076e+02
-1.574032267149422637e+02 8.727661411398755718e+02
-1.505565468788234398e+02 8.912955072507713794e+02
1.392274555836717980e+02 7.026334810648552320e+02
7.121284748100465833e+01 9.670786673921265901e+02
1.196718686904739428e+02 7.380238069602290807e+02
1.428628759721033816e+02 9.777816844765750375e+02
1.467984999388319238e+02 9.826704711504597753e+02
1.800587457109931790e+02 8.152017486251680793e+02
2.050055628976056425e+02 8.528668026625504126e+02
2.459440329727774497e+02 8.738386802927224153e+02
2.894324823538274813e+02 8.790868343534864380e+02
3.480984578827752784e+02 9.563294739866946657e+02
3.044533383525443355e+02 9.590264008703504715e+02
4.547852550213189602e+02 9.322636133735538806e+02
5.603101985095105420e+02 8.742010165712730441e+02
4.795167631475496250e+02 9.328846561680666127e+02
6.604765115173267986e+02 8.205173961402717850e+02
7.207552102175206983e+02 8.437496199302424884e+02
7.452962518654036330e+02 8.326011861155748193e+02
8.058973733705039422e+02 7.744623583566360594e+02
7.677407058592077647e+02 7.776030888211007550e+02
9.271897904223428668e+02 7.613370232143955718e+02
9.835714302110758354e+02 6.943068344135649568e+02
9.803126628295183309e+02 7.134284087818148237e+02
9.805062262373986641e+02 7.095060447891704598e+02
-9.962790095931953829e+02 -1.768506445412992036e+02
-8.458463519157386372e+02 -3.834894250583809594e+01
-3.783000511649394184e+02 6.541206917301832391e+02
-6.451108335578871902e+02 4.139860716541937080e+01
-3.654610587198781104e+02 7.256248037609987023e+02
-3.664018587514482874e+02 7.323192006992853749e+02
-3.414848301935697350e+02 7.316346357772563351e+02
-3.741125783481685403e+02 7.277614435985714181e+02
-3.070526738068813870e+02 7.503547308891271541e+02
-3.339459569819051694e+02 7.415906402984103352e+02
-2.606970930077648063e+02 4.782814043577348571e+02
-3.595932469175305073e+02 7.375226640535302067e+02
-2.721848729865072301e+02 4.165644130643592007e+02
-2.349748338757501358e+02 7.063167440143295153e+02
-2.225382588462262845e+02 8.181977386196114139e+02
-1.355929219101070373e+02 8.988275455783089001e+02
-1.144000233928404526e+02 9.012681883287265237e+02
-7.080781475939278380e+01 9.508801720865093330e+02
-5.584158292047506222e+01 9.632708015494064284e+02
-5.714424451858418763e+01 9.557300532759928728e+02
-8.685164730007855383e+01 9.291611096050570495e+02
-7.237669843652781765e+01 9.620805711933445536e+02
-3.204064013455253246e+01 9.735395999993247642e+02
-3.800934758464949681e+01 9.593369005916716787e+02
-8.965235831956492873e+00 9.447048339613130565e+02
-3.346164508533054249e+00 9.630486561635837006e+02
-9.179832644361544780e+00 9.521344430829560679e+02
-2.802034386351880002e+01 9.604922377714523236e+02
-1.118732526641063529e+01 9.683980157981590082e+02
-4.391770652168177946e+01 9.509011977919814171e+02
1.416801653430655961e+01 9.289691100721162229e+02
2.976919527429037160e+01 9.797378560668410046e+02
1.894243048438775290e+01 9.695210659982664083e+02
5.015944416220343527e+01 9.799941244598022649e+02
1.194527940635800292e+02 9.813922017836629266e+02
8.299349843761346790e+01 9.746508493638852997e+02
5.811374559867834222e+01 9.686457725653594935e+02
2.080263663210479876e+02 9.769402305771766351e+02
2.589683320740791146e+02 6.791651470326727349e+02
1.703782829011706212e+02 9.818857941124966828e+02
2.066219207628106744e+02 9.828147788102708091e+02
1.269559560318677143e+02 9.739222661778510428e+02
2.063085576171443734e+02 9.900081608659324957e+02
1.838902535585972089e+02 9.723200621897614155e+02
2.292536544158587901e+02 9.841454393045033839e+02
9.199191067968588413e+02 7.326486948815069127e+02
2.618437988509025445e+02 9.630215710256252351e+02
2.484510211809341342e+02 9.768920357892150150e+02
2.978206492811044654e+02 9.653179980745485409e+02
2.832700604870045140e+02 9.789174963935927281e+02
4.735815740325993488e+02 9.233962075983815794e+02
6.183076455068728592e+02 8.385272261916085199e+02
5.541337934006763817e+02 8.931405455310397201e+02
7.176304913643001555e+02 8.291258487967691053e+02
9.965408360534787562e+02 6.966006873826133869e+02
7.892304661610586436e+02 7.704203939458358263e+02
9.754034493104608146e+02 7.493939010269158416e+02
9.764527917230537923e+02 7.287086674388856409e+02
9.607613638894716814e+02 7.476627593494326902e+02
9.522471748104259177e+02 7.520123186693914477e+02
9.801481348579646919e+02 7.353363757367576454e+02
9.645922045428361571e+02 7.360416394149577854e+02
-1.196708618199004604e+03 -7.457009161833381086e+02
-1.097576788143663862e+03 -5.961086703822404615e+02
-1.087029163652878651e+03 -5.833956039638468383e+02
-1.120588709508170496e+03 -5.730744813587650697e+02
-1.168247588607261378e+03 -5.800463506417410144e+02
-9.647282721182864407e+02 -2.036502968030850980e+02
-9.767878650337256659e+02 -1.657944559922894712e+02
-9.409160401395782856e+02 -6.607230337430357281e+01
-8.954641848222848921e+02 -5.183715716644143434e+00
-4.541451471417267385e+02 6.184373977432222773e+02
-4.815127026546248317e+02 5.477926454729851002e+02
-4.048900221460464195e+02 6.355295678063770310e+02
-4.681458666131497921e+02 6.290671402269748569e+02
-4.800906964799234515e+02 6.059525460978504725e+02
-5.682537403435612759e+02 4.457825508259079328e+01
-4.062710685074367234e+02 5.762391223550408768e+02
-3.783438228883096031e+02 7.082336192544071309e+02
-3.541332233317584723e+02 6.907021754808662308e+02
-4.115273783926276678e+02 6.837291730472718427e+02
-3.790907002875931084e+02 7.138244084633237208e+02
-3.669182787521772866e+02 7.145544709871701343e+02
-3.219831927955980291e+02 7.236333647446140276e+02
-1.780170069306181233e+02 8.577921079138887990e+02
-1.852228606564866027e+02 8.449618581115144025e+02
-1.275816240703031070e+02 8.925472029673082943e+02
-7.768482472848080533e+01 9.048040279387959117e+02
-6.310153655688797869e+01 9.130699529139513970e+02
-2.992184687702164325e+01 8.979968636473693095e+02
-6.758174696804846349e+01 9.397017444550278924e+02
-1.775514028245612153e+01 9.609924563743519457e+02
-4.527395307353778975e+01 9.683241089731914144e+02
-4.445232432391553345e+01 9.426134660251419746e+02
-2.569369110255598798e+01 9.334289421592403642e+02
-2.053716068781325177e+01 9.523057524336395545e+02
3.723810913466423678e+00 9.516113650883198716e+02
-8.649938968899073544e+00 9.769960773606152316e+02
1.648017234591267410e+01 9.515708240661226682e+02
1.106018389575151772e+01 9.696152266555203596e+02
6.484309649487690308e+01 9.757800484171559674e+02
1.507997289535888683e+02 9.554895342305637769e+02
1.018993061725751090e+02 9.779885662870420902e+02
1.068667245068870955e+02 9.709063153898072187e+02
2.094032489430870783e+02 9.692252319203164461e+02
2.234059082692371874e+02 9.651073224670493573e+02
2.773819329765097450e+02 9.484871718125179996e+02
3.672843411352803287e+02 9.399904326426022863e+02
3.915032149130100834e+02 9.346841394279858832e+02
3.625658103023348531e+02 8.966646803219432513e+02
3.926639864264931248e+02 9.434637808254840365e+02
5.469410183616431596e+02 8.926593435006440131e+02
4.605761203565474489e+02 9.187136504308148233e+02
4.795196409203404642e+02 9.128371581278827307e+02
9.786278711144980207e+02 6.838164276806231783e+02
6.211005629900865870e+02 8.661465445869480391e+02
6.944590146567695683e+02 8.346094783861923361e+02
7.195197262501334308e+02 8.185186411290350179e+02
7.043233201646651196e+02 8.148437351386319278e+02
9.829712981924128599e+02 7.271628152753329459e+02
8.409878553668213499e+02 7.568511719174077825e+02
8.952441801445967258e+02 7.304158456582212011e+02
9.026165069936766940e+02 7.449092302074682266e+02
8.891372628867001140e+02 7.643118710033321577e+02
9.199879677017820541e+02 6.726231214449792333e+02
9.799076926283858029e+02 7.173820272841938959e+02
9.788652344465256192e+02 7.034212325740703591e+02
9.744735479919532963e+02 7.255523508797522254e+02
9.410767683642828842e+02 7.057597265740406556e+02
-1.116882187267653080e+03 -5.192644810618975271e+02
-1.203609689989168146e+03 -3.395492778396166500e+02
-1.157258010488415721e+03 -5.440976891891725700e+02
-1.200009683443206086e+03 -3.365066619781668464e+02
-1.214471719440444303e+03 -3.674327947843203219e+02
-1.117104096839207614e+03 -6.189210121208710689e+02
-1.215034165031592238e+03 -3.761152367762983886e+02
-1.129314038884826459e+03 -5.906523437461678441e+02
-1.217916252481088577e+03 -3.506354472459726708e+02
-1.045028430584993657e+03 -3.071299571474231698e+02
-1.145524632604305225e+03 -2.687158505153465740e+02
-9.791920369128681614e+02 -1.227219014349246322e+02
-9.494194330704518734e+02 -8.716074782347394034e+01
-9.070677643495780558e+02 -2.177680214851402507e+00
-9.049437852852739752e+02 2.480507872421329196e+01
-7.124929550361592874e+02 3.062476529849955114e+02
-5.831383360957045170e+02 5.134139646392497980e+02
-5.849863020607284625e+02 4.848017794107486793e+02
-5.754825921941961724e+02 5.232104423406444766e+02
-5.881521831278613490e+02 5.137889029878275551e+02
-5.498773327905307724e+02 5.377878369042911118e+02
-6.162665902982034822e+02 4.241017744311828324e+02
-5.283321658769372107e+02 4.863319807557633823e+01
-3.881172546583177905e+02 7.059570120369166943e+02
-3.647454515962512005e+02 6.957494467842561789e+02
-3.428549457009473826e+02 6.994753837618378611e+02
-3.787896468063346447e+02 6.202945232854785900e+02
-2.711580556158571653e+02 7.633418445687767644e+02
-3.101554312907654207e+02 7.162833348732442573e+02
-2.458625753588941620e+02 8.237989601776969266e+02
-2.052989262741816106e+02 8.537062145832786655e+02
-6.540806180425464333e+01 7.869923384082241000e+02
-2.158376115336327246e+02 8.539974535642862747e+02
-2.604618858557624890e+02 7.934789723284660568e+02
-2.158183278791508712e+02 8.108042096427761862e+02
-1.016586096161811241e+02 9.018877756067502105e+02
9.386402497265698912e+02 6.670022130936227995e+02
1.458265173094912086e+02 7.822273039508961574e+02
8.297010489553055379e+01 9.676986185173310560e+02
9.956926802640705887e+01 9.544990964453162405e+02
1.619025864331955802e+02 9.858762456913312917e+02
1.767403322749233894e+02 9.858366869554200775e+02
1.846072976986886829e+02 9.784335784800858846e+02
1.903195188215615872e+02 9.850049578023831600e+02
1.953482914840250260e+02 9.803156898011252451e+02
6.483169644096317370e+02 2.426653266073896589e+02
2.883229156873846364e+02 9.222266087386656181e+02
6.422208375852269455e+02 2.394089304062271424e+02
2.749255814591791136e+02 9.740408327105826629e+02
5.110688156743112813e+02 8.937550485787824073e+02
5.101606984104976732e+02 8.838282333257329810e+02
3.962081969215722097e+02 9.406532498231051704e+02
4.229626132176271085e+02 9.490473902997830464e+02
3.955555302866247303e+02 9.519287551825392484e+02
5.300354677910702321e+02 9.269404100431493134e+02
4.851870312822539404e+02 9.413191137377731366e+02
5.705048100590593094e+02 8.822376879222997559e+02
5.426351463014060528e+02 9.125017179411256620e+02
6.488650090559933687e+02 8.871834984426469646e+02
6.367395612422876638e+02 8.473075117216303624e+02
6.031046565104479669e+02 8.687749802579018024e+02
6.583951750135120164e+02 8.444163162105147649e+02
6.671924781174487862e+02 8.674338379797022753e+02
8.018299589336671716e+02 7.893685537716206682e+02
7.163718303078583176e+02 8.499434161469059745e+02
7.255161388517599335e+02 8.556440604909436161e+02
7.536027030255060026e+02 8.225709965132208481e+02
7.781249973326506506e+02 7.895170085849332509e+02
8.099936561155907384e+02 7.938186260188110737e+02
7.776006438445592721e+02 8.103021582128874343e+02
7.871159270068108071e+02 6.053222119368764425e+02
9.907472510936294157e+02 7.145269687386548867e+02
-1.078295391552891942e+03 -4.078035919708386245e+02
-8.030788832917947957e+02 -1.816109926723014212e+01
-1.957524939174020346e+02 8.679145182176072240e+02
-2.320638341267269880e+02 1.127316313202370139e+02
-1.718980806353926027e+02 8.980239514517174939e+02
-9.841592951188059146e+01 1.046540139851487652e+02
-1.293787799618042982e+02 9.366254500951425825e+02
-1.392232929573276579e+02 9.301419332618013414e+02
-1.157071518723300585e+02 9.427197445183988975e+02
-2.873586340318721710e+01 9.879015516773035870e+02
-6.908441774121743606e+01 1.137074174479632944e+02
-2.044306004554302802e+01 9.809339306692075979e+02
4.254153670503689000e+01 9.738357799451149504e+02
2.821284196721400122e+02 9.575348166231469804e+02
3.807740003168987073e+02 9.215175625929769012e+02
5.670687045905323203e+02 8.901410883812626480e+02
9.678991235010892069e+02 7.120022512311288665e+02
9.907032822859410999e+02 7.076055529600606633e+02
-1.103092059556557388e+03 -5.738730220179531898e+02
-1.105368717863288339e+03 -5.043169745530822752e+02
-1.077565641421191458e+03 -5.774486090342930993e+02
-1.101594161230591681e+03 -4.813058523457795559e+02
-1.117482564877439245e+03 -5.517667050802812128e+02
-1.121013216958916473e+03 -5.654691642335154711e+02
-1.095627226092745559e+03 -4.662871459836667896e+02
-1.094576734372569490e+03 -4.814675602885709509e+02
-1.099709003214053837e+03 -4.871398984543717461e+02
-1.047308581131662322e+03 -3.231497650957398946e+02
-1.085783089413285779e+03 -4.428340833255880966e+02
-1.090748476391609756e+03 -4.397058508007023647e+02
-9.349326487526682286e+02 -1.680660815216100445e+02
-1.014578970835442760e+03 -2.944765382456396878e+02
-9.058321517390975259e+02 -7.553314005938599962e+01
-8.105874612056514934e+02 3.221847758895909664e+01
-7.526545901041019988e+02 9.019027498672485876e+01
-5.548560939865853925e+02 3.111759986821187454e+02
-5.325913215434673020e+02 3.330139710583122792e+02
-5.099134888380455664e+02 3.544486218428984330e+02
-4.692614306994007052e+02 3.928363467202510719e+02
-4.563620405901075401e+02 4.050571727481032553e+02
-4.483007751136262300e+02 4.254381308110104669e+02
-4.299533712877139351e+02 4.396443914546603651e+02
-4.147842242026098347e+02 4.366980976513043515e+02
-3.635642576017140186e+02 4.695979901505912721e+02
-3.030152449225867031e+02 4.865063507420107385e+02
-3.175608451706219171e+02 5.001125448011413255e+02
-2.975727881788228046e+02 5.092120299055660553e+02
-2.854813218822026784e+02 5.147695748605968902e+02
-3.362237963154718727e+02 5.166235989437197986e+02
-2.848099832392607027e+02 6.768128640914191010e+02
-2.209934875694475522e+02 5.423075006346360851e+02
-2.015830901020440820e+02 5.688390910018900968e+02
4.669428570124325262e+01 6.669931676537178191e+02
1.230069775747534919e+02 6.840693131438011960e+02
1.811654673447824848e+02 7.052071526158423467e+02
3.158058805435059568e+01 8.987823396692916731e+02
1.994588977918605792e+02 7.128514310908398102e+02
1.800632667962852054e+02 6.995425163099484962e+02
1.664433763567350582e+02 7.218785381866578064e+02
2.370918673370465797e+02 7.183097691109664993e+02
1.922113182649722773e+02 7.150741758392463225e+02
2.104774182973499990e+02 7.146696523337625422e+02
2.114860266629336536e+02 7.196699344328592360e+02
2.089298276437861830e+02 7.068965526689568151e+02
1.915824568320101378e+02 7.070126492184967901e+02
1.988548994917300945e+02 6.981480493483754799e+02
2.375260422760836150e+02 7.129263425484722347e+02
2.810748228088931455e+02 7.150799321756682048e+02
2.670830070323691530e+02 7.190648616641936997e+02
6.479484945169352841e+02 7.023241406403387828e+02
3.621048777471702351e+02 7.259317338780437012e+02
3.318453250986918874e+02 7.212460358250162926e+02
3.718079050293340515e+02 7.254666032785321477e+02
4.486404221864554529e+02 7.294123796034195948e+02
4.035957028801108777e+02 7.240090227692580811e+02
5.801224927346578397e+02 7.383426603755731321e+02
4.357008120048450337e+02 7.315191277884262036e+02
4.996059093202984513e+02 7.309803477790476336e+02
5.543157865848413621e+02 7.315262766437468827e+02
6.703842819016562089e+02 7.439628710281729127e+02
7.458781361611977445e+02 7.074949795559722361e+02
7.644099092577706642e+02 7.351307382294490935e+02
8.762836629171936238e+02 6.622912736270686764e+02
7.426148019285344617e+02 7.408228211193958259e+02
7.314075430385128129e+02 7.434443964207048339e+02
7.619744779212986714e+02 7.498375919655761663e+02
7.874840744937049521e+02 7.420503215251341089e+02
8.516776652767164251e+02 7.239158904062617239e+02
9.183375890025668014e+02 7.255458897035069867e+02
9.846269258691020241e+02 6.827967293879646604e+02
9.699491789449516546e+02 7.222101694687087274e+02
9.828356852441838782e+02 7.217661841906347036e+02
-1.143492666209812569e+03 -6.212996487737626694e+02
-1.129789074464248188e+03 -5.773430154582761133e+02
-9.559416622745102359e+02 -4.718166579817604998e+02
-9.426804849893464961e+02 -4.724730484285919943e+02
-1.132714691533348969e+03 -5.946280899570114116e+02
-1.154026920408708520e+03 -5.831307328480668275e+02
-1.169669774201153587e+03 -5.649096963915812921e+02
-1.158027879526588094e+03 -5.360507266363769077e+02
-1.156709303363976460e+03 -5.237312988169993559e+02
-1.135872871674525868e+03 -5.175933373861254267e+02
-1.178867042924088082e+03 -5.648736301638481336e+02
-1.177439466475575273e+03 -4.608456157997226228e+02
-1.121856273434647619e+03 -5.812452195853063586e+02
-1.103966126548021521e+03 -5.405396011566307379e+02
-1.152351338021623178e+03 -5.695666180624872368e+02
-1.134541420215350172e+03 -5.630734373262573627e+02
-1.063828074074102460e+03 -5.691841319577466720e+02
-1.014252343199776988e+03 -4.207067413782003769e+02
-1.088289534970431760e+03 -5.481262601364419424e+02
-1.087745359744764301e+03 -5.619240385794107624e+02
-1.111129665342278258e+03 -5.778063674564809844e+02
-1.082132592449761660e+03 -5.518598969463091635e+02
-1.103211470140965957e+03 -4.520774669940981880e+02
-1.145105907375553670e+03 -5.656819818262587205e+02
-1.092561605512702272e+03 -5.975003754782024998e+02
-1.099362763111341792e+03 -6.022767051499807849e+02
-1.125818728764399566e+03 -5.621383806971265358e+02
-1.148877829460685007e+03 -5.962005053122448999e+02
-1.152056575838095341e+03 -5.588995775124134298e+02
-1.084042081650758519e+03 -5.722396721044035530e+02
-1.008115608523435071e+03 -2.872964630890360240e+02
-1.200487062858478794e+03 -3.860881803158403613e+02
-1.124543209997283839e+03 -5.570620562995068212e+02
-1.134343223324412975e+03 -5.696919434050840891e+02
-1.129026465672142876e+03 -5.814702273050997974e+02
-1.102194896163226986e+03 -5.794181586702443383e+02
-1.162246303119272852e+03 -5.903439960404865587e+02
-1.177901546380637456e+03 -5.821821081285328319e+02
-1.143498990959491039e+03 -5.956116398397858802e+02
-1.085529004226725647e+03 -6.025402188396807333e+02
-1.147198843721692811e+03 -5.145911612834813695e+02
-1.142695167579386407e+03 -5.720539171352967287e+02
-1.087095195610157134e+03 -5.398986532521373647e+02
-1.135204876283007252e+03 -5.931158304943273833e+02
-1.127803958581399229e+03 -5.735674727023393871e+02
-1.127440781442054686e+03 -5.675159940914543313e+02
-1.142200828490984804e+03 -5.866125434352344428e+02
-1.206852675913220310e+03 -3.807328918888119915e+02
-1.153584842704051880e+03 -5.656279690250214571e+02
-1.090461183528617767e+03 -5.678139260951217011e+02
-1.202887006450306899e+03 -3.496159522432358813e+02
-1.129858234120928273e+03 -5.556087469866936317e+02
-1.111188854452401301e+03 -4.734551456815685242e+02
-1.086212559821547529e+03 -5.532418333395812624e+02
-1.149398863883641980e+03 -5.648557222876497690e+02
-1.138470758029400940e+03 -5.829182025247648653e+02
-1.065134064586325621e+03 -4.188125225810882171e+02
-1.108821804656915901e+03 -6.139896437039243438e+02
-1.136531201134784169e+03 -5.969577256482393750e+02
-1.125616014986939035e+03 -5.767215297146715329e+02
-1.083716712031376346e+03 -5.771305735294273518e+02
-1.064214843666153911e+03 -5.505631380814506883e+02
-1.139916125937601237e+03 -5.504756930785986242e+02
-1.125390771123014019e+03 -5.350269556176639298e+02
-1.091501456273505710e+03 -5.352233930809998128e+02
-1.081408784488657375e+03 -5.678560549766111762e+02
-1.152867374906736359e+03 -5.179670873491594421e+02
-1.163336255246576002e+03 -4.905915286541558658e+02
-1.134657583733578122e+03 -6.097185424348659808e+02
-1.128963599735748403e+03 -5.985736901231365437e+02
-1.157582697760394467e+03 -6.173114168134436568e+02
-1.152837855798376268e+03 -5.930558185617497884e+02
-1.168083078293694598e+03 -5.446612098482440842e+02
-1.113678371535425867e+03 -5.910702671026144799e+02
-1.102456361962136953e+03 -6.004369964531432515e+02
-1.111381983031181562e+03 -5.685305836510226527e+02
-1.148567510276198163e+03 -5.930420137163066556e+02
-1.121841729222180675e+03 -5.681872498192823286e+02
-1.093667198027148970e+03 -5.780890710342978309e+02
